 2 ; 4
b= 2 / 4
c= 2 \ 4
d= 2 , 4	
e= 2 : 4
